46,149
22,0,0,-6,7,-6,7,-18,5,-18,5,-33,-1,-33,-1,-59,22,-59,22,-59,30,-59,30,-54,30,-54,30,-35,52,-35,52,-24,47,-24,47,-9,71,-9,71,6,53,6,53,16,26,16,26,4,19,4,19,0,0,0,0,0,-9,-59,30,-65,35,0,0,-1,10,-1,10,3,33,3,33,-9,54,-9,54,-25,35,-25,35,-36,40,-36,40,-52,24,-52,24,-59,30
22,0,0,-15,36,-15,36,-28,31,-28,31,-45,61,-45,61,-56,55,-56,55,-61,55,-61,55,-55,67,-55,67,-47,73,-47,73,-23,80,-23,80,-6,75,-6,75,7,76,7,76,11,89,11,89,15,58,15,58,28,49,28,49,18,19,18,19,0,0,-61,55,-46,68,-46,68,-26,47,-26,47,-17,53,-17,53,4,26,4,26,11,35,11,35,8,58,8,58,11,89
15,0,0,-11,56,-11,56,0,63,0,63,7,59,7,59,54,58,54,58,59,4,59,4,12,-13,12,-13,0,0,12,-13,10,-2,10,-2,44,10,44,10,44,34,44,34,42,49,42,49,2,55,2,55,0,63,0,63,-1,72,12,-13,13,-21
17,0,0,25,62,25,62,59,59,59,59,66,57,66,57,84,46,84,46,63,-21,63,-21,42,-21,42,-21,35,-14,35,-14,0,0,42,-21,44,-16,44,-16,14,1,14,1,31,48,31,48,37,50,37,50,65,51,65,51,66,57,66,57,68,63,42,-21,41,-27
23,0,0,4,14,4,14,7,18,7,18,33,44,33,44,36,47,36,47,72,35,72,35,90,35,90,35,69,-14,69,-14,79,-28,79,-28,80,-39,80,-39,76,-42,76,-42,21,-17,21,-17,13,-11,13,-11,0,0,7,18,13,13,13,13,34,37,34,37,65,24,65,24,79,21,79,21,70,4,70,4,66,-11,66,-11,66,-19,66,-19,80,-39,7,18,1,23,80,-39,87,-46
18,0,0,44,59,44,59,81,47,81,47,90,32,90,32,45,-34,45,-34,39,-35,39,-35,30,-33,30,-33,27,-31,27,-31,0,0,27,-31,29,-28,29,-28,7,1,7,1,38,37,38,37,40,37,40,37,48,44,48,44,48,49,48,49,77,43,77,43,81,47,81,47,83,50,27,-31,23,-35
19,0,0,46,29,46,29,59,39,59,39,59,30,59,30,81,25,81,25,80,6,80,6,77,-5,77,-5,70,-19,70,-19,63,-26,63,-26,56,-33,56,-33,42,-40,42,-40,32,-20,32,-20,20,-23,20,-23,0,0,59,30,53,15,53,15,39,17,39,17,4,0,4,0,0,0,0,0,-9,-6,59,39,65,58
16,0,0,19,19,19,19,30,19,30,19,60,38,60,38,63,47,63,47,66,32,66,32,87,23,87,23,86,6,86,6,81,-8,81,-8,73,-23,73,-23,62,-33,62,-33,51,-38,51,-38,28,-16,28,-16,27,-19,27,-19,13,-2,13,-2,0,0,63,47,66,59
15,0,0,3,15,3,15,-1,56,-1,56,35,86,35,86,50,74,50,74,58,78,58,78,55,70,55,70,77,62,77,62,75,38,75,38,70,23,70,23,62,9,62,9,46,-7,46,-7,34,-5,34,-5,19,11,19,11,0,0,58,78,62,89
20,0,0,-10,14,-10,14,-10,26,-10,26,26,60,26,60,30,60,30,60,35,58,35,58,43,70,43,70,42,53,42,53,66,46,66,46,63,22,63,22,57,8,57,8,36,-13,36,-13,14,4,14,4,0,0,0,0,6,12,6,12,15,18,15,18,33,25,33,25,38,29,38,29,42,53,0,0,-10,-3,43,70,46,84
12,0,0,21,59,21,59,67,44,67,44,86,54,86,54,86,33,86,33,56,-36,56,-36,17,-20,17,-20,6,-27,6,-27,0,0,6,-27,20,23,20,23,29,47,29,47,76,33,76,33,86,54
12,0,0,-4,76,-4,76,10,84,10,84,26,85,26,85,39,74,39,74,48,61,48,61,68,52,68,52,58,48,58,48,45,33,45,33,44,23,44,23,28,8,28,8,5,-8,5,-8,0,0
8,0,0,9,8,9,8,18,24,18,24,25,36,25,36,41,38,41,38,63,52,63,52,56,-10,56,-10,26,-41,26,-41,0,0
4,0,0,-1,86,-1,86,73,87,73,87,77,2,77,2,0,0
14,0,0,-57,26,-57,26,-66,66,-66,66,-66,75,-66,75,-36,86,-36,86,-30,90,-30,90,-21,62,-21,62,9,32,9,32,12,5,12,5,0,0,12,5,0,3,0,3,-26,53,-26,53,-36,86,-30,90,-20,95,12,5,19,6
9,0,0,-8,-11,-8,-11,-5,-46,-5,-46,4,-91,4,-91,69,-73,69,-73,75,-91,75,-91,78,-91,78,-91,81,-92,81,-92,88,-87
15,0,0,-6,67,-6,67,-9,74,-9,74,2,74,2,74,7,71,7,71,22,73,22,73,27,78,27,78,45,81,45,81,56,95,56,95,56,45,56,45,53,29,53,29,46,41,46,41,32,40,32,40,26,3,26,3,0,0,-9,74,-22,77
11,0,0,-2,6,-2,6,-39,11,-39,11,-41,33,-41,33,-39,57,-39,57,13,90,13,90,22,91,22,91,14,88,14,88,0,7,0,7,0,0,0,0,0,-6,22,91,32,91
9,0,0,12,6,12,6,15,63,15,63,81,63,81,63,86,60,86,60,90,33,90,33,90,-2,90,-2,88,0,88,0,0,0,0,0,-9,0
15,0,0,-21,43,-21,43,-36,72,-36,72,-49,87,-49,87,-66,81,-66,81,-63,92,-63,92,-44,93,-44,93,-28,78,-28,78,-12,80,-12,80,3,46,3,46,16,10,16,10,21,10,21,10,14,3,14,3,0,0,-66,81,-65,71,21,10,27,10
21,0,0,13,6,13,6,16,27,16,27,17,63,17,63,49,62,49,62,49,62,49,62,74,30,74,30,75,8,75,8,81,0,81,0,39,6,39,6,18,5,18,5,0,0,16,27,18,35,18,35,20,55,20,55,22,61,22,61,29,60,29,60,45,55,45,55,69,24,69,24,71,15,71,15,75,8,0,0,-10,0,81,0,93,-3
35,0,0,37,1,37,1,45,-2,45,-2,48,-89,48,-89,50,-91,50,-91,46,-93,46,-93,18,-71,18,-71,4,-69,4,-69,-13,-61,-13,-61,-26,-61,-26,-61,-30,-60,-30,-60,-36,-50,-36,-50,-34,-42,-34,-42,-32,-25,-32,-25,-10,-1,-10,-1,0,0,50,-91,54,-91,-36,-50,-44,-50,-36,-50,-30,-50,-30,-50,-27,-34,-27,-34,-6,-6,-6,-6,13,-6,13,-6,23,-11,23,-11,38,-12,38,-12,42,-13,42,-13,47,-89,47,-89,50,-91,-30,-50,-25,-40,-25,-40,-1,-14,-1,-14,5,-15,5,-15,15,-15,15,-15,18,-20,18,-20,33,-19,33,-19,46,-89,46,-89,50,-91
29,0,0,4,5,4,5,6,63,6,63,6,70,6,70,37,72,37,72,46,74,46,74,58,75,58,75,67,73,67,73,79,73,79,73,83,70,83,70,84,34,84,34,93,31,93,31,84,30,84,30,75,29,75,29,40,-1,40,-1,33,-1,33,-1,29,1,29,1,14,1,14,1,9,-1,9,-1,2,-1,2,-1,0,0,93,31,100,31,6,63,8,67,8,67,47,67,47,67,49,69,49,69,57,69,57,69,62,66,62,66,77,66,77,66,81,62,81,62,84,30
13,0,0,0,28,0,28,2,39,2,39,72,46,72,46,78,53,78,53,81,35,81,35,76,27,76,27,75,10,75,10,81,1,81,1,81,-13,81,-13,72,-8,72,-8,0,0,78,53,77,63,81,-13,81,-29
11,0,0,0,27,0,27,2,40,2,40,75,44,75,44,82,51,82,51,89,51,89,51,89,38,89,38,89,13,89,13,87,-12,87,-12,0,0,89,51,89,61,87,-12,87,-23
21,0,0,50,2,50,2,59,3,59,3,69,-4,69,-4,69,-74,69,-74,77,-76,77,-76,87,-76,87,-76,63,-78,63,-78,51,-85,51,-85,29,-84,29,-84,-6,-75,-6,-75,-6,-17,-6,-17,0,0,-4,-82,-6,-75,-6,-75,-1,-72,-1,-72,3,-17,3,-17,5,-8,5,-8,11,-3,11,-3,57,-4,57,-4,64,-10,64,-10,65,-72,65,-72,69,-74
19,0,0,5,11,5,11,29,28,29,28,31,34,31,34,43,49,43,49,54,51,54,51,55,45,55,45,87,24,87,24,88,19,88,19,60,-29,60,-29,47,-32,47,-32,32,-24,32,-24,0,0,57,56,54,51,54,51,50,45,50,45,44,41,44,41,17,-7,17,-7,49,-28,49,-28,47,-32,47,-32,45,-37
17,0,0,0,53,0,53,69,57,69,57,78,62,78,62,88,51,88,51,83,28,83,28,83,12,83,12,84,-7,84,-7,67,-19,67,-19,59,-5,59,-5,0,0,67,-19,66,-8,66,-8,59,4,59,4,65,35,65,35,78,50,78,50,78,62,78,62,78,68,67,-19,67,-25
12,0,0,1,34,1,34,2,42,2,42,40,45,40,45,67,51,67,51,76,56,76,56,78,57,78,57,73,-17,73,-17,64,-12,64,-12,1,-6,1,-6,0,0,78,57,78,66,73,-17,73,-26
13,0,0,-11,20,-11,20,-21,36,-21,36,-21,58,-21,58,-20,74,-20,74,-14,81,-14,81,47,78,47,78,57,66,57,66,50,64,50,64,25,34,25,34,10,21,10,21,0,0,0,0,0,-11,57,66,64,66
24,0,0,47,-1,47,-1,51,-7,51,-7,46,-8,46,-8,41,-11,41,-11,25,-28,25,-28,1,-55,1,-55,-2,-65,-2,-65,-3,-79,-3,-79,-5,-84,-5,-84,-20,-70,-20,-70,-31,-61,-31,-61,-31,-35,-31,-35,0,0,51,-7,56,-6,46,-8,32,-4,32,-4,25,-4,25,-4,16,-9,16,-9,-2,-9,-2,-9,-19,-26,-19,-26,-25,-31,-25,-31,-27,-37,-27,-37,-28,-58,-28,-58,-20,-70,-5,-84,-5,-88
9,0,0,-4,9,-4,9,-36,-3,-36,-3,-62,-3,-62,-3,-71,6,-71,6,-71,24,-71,24,-81,65,-81,65,-71,76,-71,76,-68,89
37,0,0,1,58,1,58,10,61,10,61,61,65,61,65,68,68,68,68,76,64,76,64,76,58,76,58,73,53,73,53,72,6,72,6,75,0,75,0,66,-11,66,-11,59,-6,59,-6,9,-3,9,-3,0,0,66,-11,66,-7,66,-7,61,-2,61,-2,10,2,10,2,8,16,8,16,6,22,6,22,5,35,5,35,9,40,9,40,9,50,9,50,12,57,12,57,64,61,64,61,68,63,68,63,68,68,61,-2,21,7,21,7,16,11,16,11,16,20,16,20,13,26,13,26,13,33,13,33,18,39,18,39,18,47,18,47,24,53,24,53,53,54,53,54,68,63,66,-11,66,-15,68,68,68,77
22,0,0,-2,25,-2,25,0,46,0,46,84,58,84,58,87,64,87,64,93,54,93,54,92,44,92,44,88,27,88,27,88,17,88,17,80,-11,80,-11,66,-3,66,-3,0,0,66,-3,59,4,59,4,45,7,45,7,16,17,16,17,14,34,14,34,15,38,15,38,39,48,39,48,84,51,84,51,86,54,86,54,87,64,87,64,86,71,80,-11,78,-18
9,0,0,0,3,0,3,6,8,6,8,58,26,58,26,63,41,63,41,63,54,63,54,59,67,59,67,6,87,6,87,0,92,0,92,0,96
19,0,0,-8,32,-8,32,-6,39,-6,39,-3,59,-3,59,59,53,59,53,63,53,63,53,66,18,66,18,73,10,73,10,65,-29,65,-29,45,-27,45,-27,37,-34,37,-34,0,0,-8,32,-3,32,-3,32,7,1,7,1,26,-17,26,-17,55,-18,55,-18,68,8,68,8,73,10,-8,32,-15,33,73,10,80,10
7,0,0,4,56,4,56,70,60,70,60,71,66,71,66,89,76,89,76,82,-18,82,-18,71,-11,71,-11,0,0
18,0,0,-7,28,-7,28,-9,54,-9,54,39,57,39,57,52,63,52,63,57,63,57,63,73,57,73,57,70,1,70,1,56,-13,56,-13,45,-3,45,-3,0,0,56,-13,52,-1,52,-1,14,4,14,4,8,37,8,37,14,50,14,50,47,55,47,55,52,63,56,-13,56,-21,52,63,55,73
8,0,0,-11,38,-11,38,-11,64,-11,64,37,65,37,65,69,87,69,87,72,65,72,65,66,-12,66,-12,42,-3,42,-3,0,0
9,0,0,-1,25,-1,25,1,46,1,46,53,53,53,53,71,66,71,66,70,0,70,0,64,-24,64,-24,51,-8,51,-8,0,0,64,-24,63,-28
17,0,0,9,3,9,3,12,74,12,74,64,76,64,76,64,65,64,65,73,-5,73,-5,80,-8,80,-8,84,-13,84,-13,63,-7,63,-7,33,-2,33,-2,0,0,9,3,15,12,15,12,16,69,16,69,42,71,42,71,53,73,53,73,59,66,59,66,64,65,84,-13,92,-18
17,0,0,-4,23,-4,23,-8,30,-8,30,-5,34,-5,34,-5,38,-5,38,14,28,14,28,70,16,70,16,72,-3,72,-3,70,-21,70,-21,63,-32,63,-32,62,-36,62,-36,49,-22,49,-22,38,-17,38,-17,20,-11,20,-11,6,-5,6,-5,0,0,-5,38,-14,46,62,-36,62,-47
13,0,0,-8,10,-8,10,-24,34,-24,34,-34,49,-34,49,-23,61,-23,61,-22,65,-22,65,-18,64,-18,64,0,65,0,65,13,47,13,47,31,22,31,22,39,-1,39,-1,0,0,39,-1,53,-18,-22,65,-30,78
6,0,0,-3,26,-3,26,32,34,32,34,47,65,47,65,49,-28,49,-28,36,-8,36,-8,0,0
22,0,0,4,8,4,8,35,17,35,17,41,24,41,24,59,33,59,33,59,48,59,48,41,57,41,57,35,64,35,64,6,73,6,73,2,77,2,77,13,77,13,77,45,68,45,68,65,62,65,62,68,51,68,51,68,27,68,27,63,20,63,20,42,12,42,12,15,5,15,5,10,1,10,1,7,-7,7,-7,0,0,7,-7,7,-10,2,77,0,81
21,0,0,0,53,0,53,42,56,42,56,64,59,64,59,77,62,77,62,78,44,78,44,69,30,69,30,68,9,68,9,69,3,69,3,76,-15,76,-15,57,-6,57,-6,26,-1,26,-1,0,0,26,-1,38,0,38,0,49,-1,49,-1,60,9,60,9,63,16,63,16,62,43,62,43,50,54,50,54,42,56,77,62,77,73,76,-15,76,-20